,timestamp,maker,compound,aave,dydx,c.r.e.a.m.-finance,definer
0,2021-08-26,0.010006849657786733,2.384563924349801,2.2361888572281177,4.079369646564058,4.744102341445124,3.074755869332401
1,2021-08-25,0.010006849657786733,2.3202505645828273,2.348543238823295,3.314932989249472,4.88716288686591,2.9744140570899575
2,2021-08-24,0.010006849657786733,2.652041447031615,1.9060749286470935,3.9827469363665777,6.252465787615238,4.310209729303009
3,2021-08-23,0.010006849657786733,2.2623375082713015,3.553282490402506,3.36051965201231,5.934015541852855,2.966155722236824
4,2021-08-22,0.010006849657786733,2.2363745458979936,3.5341324456978374,3.202309181528303,5.78715708359271,2.89699204064306
5,2021-08-21,0.010006849657786733,2.205977962560982,2.3831008243386638,3.159375980439055,5.9409281355626735,2.9637875498044446
6,2021-08-20,0.010006849657786733,2.1418264860930396,1.6076509474971752,2.7519399209190905,5.701185445385414,2.8395059261015145
7,2021-08-19,0.010006849657786733,2.1606148324125236,2.860270620106412,2.764975630048396,7.104477403835415,2.849074226943174
8,2021-08-18,0.010006849657786733,2.1201727533945536,2.8428889011781777,3.161078290738087,6.534847863556308,2.805885595399488
9,2021-08-17,0.010006849657786733,2.092769197503941,2.9264936197296825,3.0477619016145794,6.423352584916065,2.792336968353974
10,2021-08-16,0.010006849657786733,2.0962068412443604,2.803494581799415,3.279259949610647,7.4993353125009135,2.904306267403931
11,2021-08-15,0.010006849657786733,2.1606599548944487,2.8312075963151635,3.1682247513167776,7.7424150924242,3.1632899266025825
12,2021-08-14,0.010006849657786733,2.0997022103915626,4.0497074347521345,3.677978941669258,8.149786525235841,2.9570883252349636
13,2021-08-13,0.010006849657786733,2.036468585011199,2.659849183052795,3.0455128118149606,8.418867025004827,2.879016884994299
14,2021-08-12,0.010006849657786733,2.0188687013726745,2.6170547862416464,2.5744325662778396,8.52981284236311,2.8649588925191294
15,2021-08-11,0.010006849657786733,2.0090112743369968,2.9151099761704975,2.4844446353401883,6.999970898961924,2.800581331190318
16,2021-08-10,0.010006849657786733,2.018197746447713,2.5621850462416242,2.21947189933615,7.655058588882726,2.842799227673984
17,2021-08-09,0.010006849657786733,1.9419991134980177,2.541319759452573,1.6381919238394436,7.994739725302711,2.7684168130183195
18,2021-08-08,0.010006849657786733,1.904748925551462,2.524311952327078,1.8196985722496035,6.988363189043781,2.74801459668192
19,2021-08-07,0.010006849657786733,1.8999576577098438,2.464576583478967,1.9726062864904925,5.115178697663412,2.7393428788486176
20,2021-08-06,0.010006849657786733,1.9442773163107467,2.42749809627288,1.8426972383715052,5.565477940943675,2.761741550017818
21,2021-08-05,0.010006849657786733,2.003049169701942,2.4208901451071956,2.1043079047520497,5.649060130247127,2.7765911430753
22,2021-08-04,0.010006849657786733,2.0025947491463145,2.4179159490405717,1.2629528025179082,5.235713717580608,2.7678831322851223
23,2021-08-03,0.010006849657786733,1.9687160322663853,3.0326441713873393,1.0403232516351022,5.31696611578683,2.66157656487139
24,2021-08-02,0.010006849657786733,1.9812747641879573,2.412956874069084,0.8561671541394218,5.334947769052582,2.7201978099320248
25,2021-08-01,0.010006849657786733,1.9885785306144617,2.454774502205218,0.7474131301215459,5.218401710770795,2.7242191225445684
26,2021-07-31,0.010006849657786733,1.9811233228755687,2.369603555970907,0.7155012385306845,5.290117948650992,2.774218179777029
27,2021-07-30,0.010006849657786733,1.969244341331846,2.2056462216614774,0.819647670711889,5.0712262372292205,2.766790106187398
28,2021-07-29,0.010006849657786733,1.91882350508423,2.144230872414293,0.8711849593489085,6.401108211170179,2.7842515307955864
29,2021-07-28,0.010006849657786733,1.8952235786447986,1.8180395081491507,0.7879951860332951,5.299385715067662,2.7502751419574767
30,2021-07-27,0.010006849657786733,1.8931607782516973,2.0369984548369717,0.6753398774011607,4.132513891835306,2.6995350631221777
31,2021-07-26,0.010006849657786733,1.866511575489496,1.9103956733237788,0.9502419541276058,3.6547860406529327,2.6352430314907718
32,2021-07-25,0.010006849657786733,1.8635442246061458,1.9176263059502883,0.8959602946462096,3.6555575753839893,2.6248095798166453
33,2021-07-24,0.010006849657786733,1.8445096638489211,1.880418483421621,1.6675294038625277,3.677271364946127,2.6045961307459065
34,2021-07-23,0.010006849657786733,1.7981474212205297,1.873715290652598,2.5691385892247114,3.4647168075478203,2.607724618107734
35,2021-07-22,0.010006849657786733,1.8064345401124717,1.8641459419782964,2.566631326298517,3.4596635396083286,2.5342393692622243
36,2021-07-21,0.010006849657786733,1.7947599846045648,1.8759901824951897,1.2431715430024375,3.5949088398625673,2.540536208096017
37,2021-07-20,0.010006849657786733,1.8210019796028525,1.9005497938837783,0.9788598446336383,3.342428453764652,2.551424235454556
38,2021-07-19,0.010006849657786733,1.813624828957469,1.924485400774166,0.8347125759828101,3.3119955192957655,2.5296252561791643
39,2021-07-18,0.010006849657786733,1.805504708374941,1.9255110591328923,1.0862109944541662,3.2699346387408816,2.534669092517792
40,2021-07-17,0.010006849657786733,1.8228980121222866,1.9467552625311544,1.26778140011411,3.356931710155632,2.550365188927645
41,2021-07-16,0.010006849657786733,1.7985942612122228,1.8123829662273037,1.214597803025138,2.7843730988676447,2.5364985225069967
42,2021-07-15,0.010006849657786733,1.7916870517391885,1.7863090047915542,1.3626525499057596,4.5436015924256195,2.5324931013071454
43,2021-07-14,0.010006849657786733,1.7829136872584275,1.7828552283634258,1.3848666547052213,4.638189169278215,2.5218642463871617
44,2021-07-13,0.010006849657786733,1.785982157475141,1.8046414359793352,2.0646058493366977,4.340402229211641,2.5473314959225917
45,2021-07-12,0.010006849657786733,1.6765432418333772,1.7956091941192784,1.8831755832495622,4.457404287009708,2.501720901762866
46,2021-07-11,0.010006849657786733,1.6699202620086226,1.8222564085351793,1.8768785352211073,5.044054815726873,2.4768081464523206
47,2021-07-10,0.010006849657786733,1.631098215474356,1.774290599231921,1.8873731691713722,4.162920229015018,2.445322321972128
48,2021-07-09,0.010006849657786733,1.5611741880450092,1.7873785847542507,1.0278282258387583,4.805669057963313,2.3654699278446514
49,2021-07-08,0.010006849657786733,1.6011474386800282,1.7912322720671456,1.4800257541501045,5.0518713040669425,2.3927639046652027
50,2021-07-07,0.010006849657786733,1.5599970148841122,1.798161200895422,1.6244459199239671,5.4647284965598635,2.2967597626501886
51,2021-07-06,0.010006849657786733,1.569933694984928,1.818020233797329,3.9924914243626097,5.868977421380303,2.3205246224564178
52,2021-07-05,0.010006849657786733,1.5150185173714545,1.855874360506125,3.966307747796635,5.48672113111386,2.2851932452086015
53,2021-07-04,0.010006849657786733,1.5162780472124726,1.8984942744815896,4.145803342635974,5.509415053214002,2.250098280826392
54,2021-07-03,0.010006849657786733,1.4897549584475407,1.8714999232266603,2.4464222236748117,5.792626629840238,2.226537762166715
55,2021-07-02,0.010006849657786733,1.4698959207434825,1.9032345164302369,2.425622024324443,5.879123170338651,2.189832239810343
56,2021-07-01,0.010006849657786733,1.4402483906190435,1.9061594693363562,2.261222118392918,4.693739704871875,2.1398303697582435
57,2021-06-30,0.010006849657786733,1.3923665200128663,2.2643935895088294,2.3577368971308617,4.550314912688755,2.09401914692128
58,2021-06-29,0.010006849657786733,1.6485493253565833,2.2366572494330823,2.8435147791702367,4.5777686073725805,2.3246844840281047
59,2021-06-28,0.010006849657786733,1.6543767591582859,2.18391632658552,2.5655738771981778,5.449930909691635,2.2983214171136557
60,2021-06-27,0.010006849657786733,1.6484337336572064,2.259619012991179,2.2992582625248823,5.690292523726196,2.297670995548772
61,2021-06-26,0.010006849657786733,1.6788261240231255,2.2335222047555163,2.1982001340107518,5.976480751797756,2.3191973245846436
62,2021-06-25,0.010006849657786733,1.7036387917139073,1.9387000691328211,1.8529058217900152,6.665978030165891,2.3471813806150266
63,2021-06-24,0.010006849657786733,1.7008164993502948,1.9293959260240179,2.459254102985111,7.414300898660711,2.328661306039698
64,2021-06-23,0.010006849657786733,1.7279615932932895,2.0668662485896014,2.550382577047327,5.40033885967854,2.3241413686051224
65,2021-06-22,0.010006849657786733,1.7483252553598692,2.1617304734110445,2.2625983603575763,6.644335502224178,2.3755558912776356
66,2021-06-21,0.010006849657786733,1.8312711168248015,2.3022761339832676,1.1460694197707422,6.298976978404086,2.5956213230955796
67,2021-06-20,0.010006849657786733,1.862902050267016,2.334219996522853,1.4483790296536927,6.2687205672278035,2.6277777480854407
68,2021-06-19,0.010006849657786733,1.836113863420093,2.344111557480545,1.2544556068000239,6.488531836934614,2.577011326584316
69,2021-06-18,0.010006849657786733,1.8815301550260823,2.44506330158459,1.193165837260604,6.8560614795442385,2.6210717923839364
70,2021-06-17,0.010006849657786733,1.877231723749096,2.433739443728229,1.3849112897442206,6.862767632118998,2.585318322979799
71,2021-06-16,0.010006849657786733,1.8326461320834102,2.499352313116129,1.8806191355386337,6.024733294880609,2.4867648656576558
72,2021-06-15,0.010006849657786733,1.8679389886984439,2.3450265260949577,1.888318071369348,5.930077227508863,2.5206247558735067
73,2021-06-14,0.010006849657786733,1.871703875831155,2.2742418819119368,1.6876839756905395,16.913160952608578,2.5440810351129493
74,2021-06-13,0.010006849657786733,1.8600715008670214,2.292149960627052,1.6302619956054993,6.685615021971192,2.5262060520610987
75,2021-06-12,0.010006849657786733,1.8513710060091166,2.3329460974812637,1.6254413345242662,7.067789626835331,2.5630827764735793
76,2021-06-11,0.010006849657786733,1.9415830931202274,2.2921698986718573,1.938484249031263,5.2665401397735385,2.4390208685084676
77,2021-06-10,0.010006849657786733,1.9819769260017197,2.281282648137589,1.9044083123491573,5.565278202472178,2.6395946676366626
78,2021-06-09,0.010006849657786733,1.9986627614394283,2.2274782733914593,1.5098616348627931,6.517344743902621,2.6992408800047403
79,2021-06-08,0.010006849657786733,2.0273277536914147,3.119739670213935,2.8917488232800443,6.674580053260918,2.715048022496334
80,2021-06-07,0.010006849657786733,2.0397998372361683,2.8966827987655157,2.6068426570008665,6.385396166741159,2.7408359794930752
81,2021-06-06,0.010006849657786733,2.0447275440927655,2.9080759042540456,2.826152839187643,6.511686380057765,2.742055168634468
82,2021-06-05,0.010006849657786733,2.0620457831654155,2.872891455156633,2.8000407992496994,6.446825176171255,2.7423637868718327
83,2021-06-04,0.010006849657786733,2.0372264089651755,2.7268234281797703,3.790492965100701,6.551066942091849,2.7274078520100375
84,2021-06-03,0.010006849657786733,2.0427685807220386,2.785212919709348,3.590819753900402,6.193287178040199,2.71950978238184
85,2021-06-02,0.010006849657786733,2.037151252823369,3.0369038990684327,2.980516144728213,5.965757643498021,2.705875103965091
86,2021-06-01,0.010006849657786733,1.9971077839061642,2.669555389505075,3.0287781303468426,5.539200568001639,2.62709481855327
87,2021-05-31,0.010006849657786733,1.9882324354191288,2.88494432418439,2.2739607513413094,6.828659227105373,2.6114430153245065
88,2021-05-30,0.010006849657786733,2.032033774710207,3.081844446340434,2.679173240981027,7.488923494197577,2.4985134687350707
89,2021-05-29,0.010006849657786733,2.1609956105608354,3.329934890592616,2.78179285970179,7.75477689735108,2.6190424254899467
90,2021-05-28,0.010006849657786733,2.186371563419018,2.543372839186205,4.270512244840203,6.9081442274324,2.6770888458227646
91,2021-05-27,0.010006849657786733,2.209865296976868,2.3320423690720755,2.140430748429327,17.14001648214528,2.70119593096758
92,2021-05-26,0.010006849657786733,2.2117857075732417,4.059641831488191,1.7147260036580616,6.882789910793964,2.640949669009203
93,2021-05-25,0.010006849657786733,2.1978732120288993,4.255037295194641,1.9782220040055072,6.710122393611972,2.618688622730029
94,2021-05-24,0.010006849657786733,2.2007999387620867,8.282190328879118,3.234754066536777,7.400416164899252,2.5310494942640123
95,2021-05-23,0.010006849657786733,2.3118537666153864,4.295783600824037,2.917626323476126,12.322055779484174,2.678562457008702
96,2021-05-22,0.010006849657786733,2.345962827381854,4.261852604563611,2.5633284182649096,8.04658405116483,2.7471820489489014
97,2021-05-21,0.010006849657786733,2.5004197957495515,4.826335111961565,3.227976572542922,9.520748494901968,2.906843706112788
98,2021-05-20,0.010006849657786733,2.4985609567369087,5.732300153863484,3.166024267227012,10.380060186342321,2.9816917124144173
99,2021-05-19,0.010006849657786733,3.991042098476988,5.45776741853912,6.291658449687716,13.996756504691545,4.768385290481691
100,2021-05-18,0.010006849657786733,4.114171752593014,5.076216160555109,6.59981531093845,18.28631134205577,4.918249639822348
101,2021-05-17,0.010006849657786733,4.55711706503544,6.706823921732574,6.162823139360467,18.03941963450245,5.653835638572537
102,2021-05-16,0.010006849657786733,4.950874162484815,6.536564893470158,12.075699702219563,9.215114023891815,6.604448095951362
103,2021-05-15,0.010006849657786733,5.789355268675245,7.983197270736437,11.561078785544963,8.509386089099372,7.411613617951291
104,2021-05-14,0.010006849657786733,4.659408647246774,8.327947913373261,10.204947093485734,8.573662857940073,5.9101062608150725
105,2021-05-13,0.010006849657786733,4.24790438728684,8.603413170775518,7.737649166822796,8.120955551345398,6.096854320473359
106,2021-05-12,0.010006849657786733,3.8141144274483088,8.609318751585409,7.976647413062698,7.9168115821580205,5.633444386098459
107,2021-05-11,0.010006849657786733,3.7836218477559274,7.881869404318277,8.98254726739647,7.880424156244365,4.9780465627764805
108,2021-05-10,0.010006849657786733,3.7724174977299785,6.725472712026211,7.952472323843704,8.363015017004242,4.927594923913902
109,2021-05-09,0.010006849657786733,4.043432343367587,7.2447087423448915,5.524621580638217,8.647628235828982,5.484832476897832
110,2021-05-08,0.010006849657786733,3.919825069598212,7.705159176537095,5.868510436613774,8.218437039313498,5.409005177415692
111,2021-05-07,0.010006849657786733,4.075767916538224,8.170177522993104,6.0725190963623525,8.44368743662699,5.197377442405922
112,2021-05-06,0.010006849657786733,4.0377144537285155,7.569099584838969,7.175510827441606,7.990516831677433,5.2712454113798275
113,2021-05-05,0.010006849657786733,3.880947492556883,6.524740036767238,6.112361771664305,7.045340136242097,5.583415065102506
114,2021-05-04,0.010006849657786733,3.8894738194712986,7.501888903455106,6.619697378659267,18.859976161957366,4.9198707954389596
115,2021-05-03,0.010006849657786733,3.087309883184111,4.9541188451599085,6.710448523428739,8.287528527833903,3.72025059829996
116,2021-05-02,0.010006849657786733,3.2200619793226557,5.781235166261575,7.825806096161392,8.577044016749491,4.024648410831127
117,2021-05-01,0.010006849657786733,3.074252470208245,5.644257464725596,5.973811551732043,8.805050968824618,3.07471261873336
118,2021-04-30,0.010006849657786733,3.062426846098029,5.477009353382837,5.372922192663955,8.179726372346641,3.0475483338680744
119,2021-04-29,0.010006849657786733,3.3080619824453636,5.826746909593602,8.613069362414207,7.830885171420857,3.458611541801559
120,2021-04-28,0.010006849657786733,3.19236700933554,5.171970122284,7.349283843498959,8.283188241206457,3.1727566163822325
121,2021-04-27,0.010006849657786733,3.329388609119883,5.601816426867256,6.381059099885899,7.033761445305137,3.3211698920507664
122,2021-04-26,0.010006849657786733,3.1966318361938786,6.214021098452375,6.2427617281887615,7.297976352315152,3.3296522816909646
123,2021-04-25,0.010006849657786731,3.285107594380998,5.825845235070482,5.844754546475221,8.873440243354347,3.370057483666863
124,2021-04-24,0.010006849657786735,3.960625348370412,5.694618673242198,6.292293298046691,8.723694960542671,3.8231825992559867
125,2021-04-23,0.010006849657786735,4.901678857854143,7.073067173987737,6.622737215330184,13.016186660728613,5.3774656128621645
126,2021-04-22,0.010006849657786733,4.871298208612613,6.874401818383957,6.6463237094392476,7.991099803878127,5.5890358816478205
127,2021-04-21,0.010006849657786731,3.345915226482664,6.50110038159203,6.782559991059179,18.09397224880154,3.7787653139545405
128,2021-04-20,0.010006849657786733,3.235773844455567,8.43172502523581,6.520922858101877,9.583482094914828,3.1432878031832407
129,2021-04-19,0.010006849657786733,4.122814905105232,7.763033658327987,5.815938329563473,14.029831574377292,3.724993041056106
130,2021-04-18,0.010006849657786733,6.150267342437677,11.08443386279555,6.164506719477595,13.785940493163672,7.650001064772702
131,2021-04-17,0.010006849657786733,6.773191279735497,8.506418564299524,7.325531782489597,16.38064971710746,7.9138432336366025
132,2021-04-16,0.010006849657786733,8.024651214962375,13.234176179062715,10.403177748928508,21.716087239915968,8.763533622352615
133,2021-04-15,0.010006849657786733,5.341628456331259,10.604388245447392,9.500717667556154,10.121350262695122,6.780613771587361
134,2021-04-14,0.010006849657786733,4.132184232596425,9.812694905469204,10.283107595957079,9.490393410985549,4.056873514637609
135,2021-04-13,0.010006849657786733,4.987775694135246,9.340124153206041,9.216621717343616,11.351826113820207,4.349831561236454
136,2021-04-12,0.010006849657786733,7.187679857454553,10.69170466421462,11.339958693758625,14.139739389373005,7.844141774610022
137,2021-04-11,0.010006849657786733,7.6071698553655045,11.097139823124788,8.478967553318443,9.548380206319328,7.5580194207565405
138,2021-04-10,0.010006849657786733,6.845546055827014,7.289562602359849,6.216549048318167,10.203432784830778,5.859589799420272
139,2021-04-09,0.010006849657786733,6.726157309061233,7.154451025271109,5.781080825527101,9.618742486222631,5.957556472344386
140,2021-04-08,0.010006849657786733,6.178637339554837,6.708794616243618,5.867337207854661,10.411202874271435,4.985635407898427
141,2021-04-07,0.010006849657786733,7.554649016976636,8.399332151788215,5.515398645809888,10.072910752660762,7.317322301120396
142,2021-04-06,0.010006849657786733,7.383340243332884,7.425573908423543,4.629977973561035,10.83558807345598,6.259907437987737
143,2021-04-05,0.010006849657786733,8.883716788833764,9.501005308571136,6.468336044079733,11.767641147035963,8.55022749832915
144,2021-04-04,0.010006849657786733,9.67584818416826,11.102146507441642,9.734133436033394,12.077826657457491,8.880612991668274
145,2021-04-03,0.010006849657786733,7.014007145316368,7.944980613585872,11.908500858352367,11.221776965723334,6.045167250478704
146,2021-04-02,0.010006849657786733,7.037757400800924,7.73964609821327,15.423041505253277,11.804314785544005,5.7500269801965285
147,2021-04-01,0.010006849657786733,7.36723998214474,8.750721229207695,14.665675674011506,11.863305441552983,8.937897504214082
148,2021-03-31,0.010006849657786733,7.18057906134783,7.096839104767408,10.622492881121273,13.746419576156585,8.898193817956555
149,2021-03-30,0.010006849657786733,8.015474457399167,6.788678464946162,10.579121899208175,10.88676118017268,7.0857894353014865
150,2021-03-29,0.010006849657786733,8.3119111104823,5.239410186667283,10.260184740744986,9.677240072252625,7.798121836542244
151,2021-03-28,0.010006849657786733,10.062932970396048,6.750118848997046,9.73119255297747,12.707115496847564,9.62928818845738
152,2021-03-27,0.010006849657786733,4.032521801026721,5.555013887155426,9.489703358702405,12.455188626533324,3.3410236401918967
153,2021-03-26,0.010006849657786733,4.652265668845241,6.15007894809341,10.017843326015017,12.454509337438624,4.009429599432347
154,2021-03-25,0.010006849657786733,5.616408078618555,6.706373663781952,11.752117403798755,11.672898651791098,4.315556951677707
155,2021-03-24,0.010006849657786733,5.617337211104832,7.5317266665737606,11.602655501245351,12.558473477683155,2.3581876666889365
156,2021-03-23,0.010006849657786733,5.587677234918411,9.968434632026046,10.936396267113215,43.183917259184135,2.3147125411177503
157,2021-03-22,0.010006849657786733,5.963482666159838,6.599375511442967,15.073326348635353,18.54119251919353,2.369708630611759
158,2021-03-21,0.010006849657786733,5.885341707947572,7.327334614030832,10.783088818711677,14.01967983736941,2.3164917415751747
159,2021-03-20,0.010006849657786733,5.917036378742643,8.202865708969624,9.216954781592388,15.556528921574959,2.69058264970134
160,2021-03-19,0.010006849657786733,6.261388309016555,9.047384410376253,8.356382394327873,14.658014104112949,3.4634945425690136
161,2021-03-18,0.010006849657786733,5.603404517074953,10.025441712074873,9.593451675653958,18.30421799290723,2.7184606816327013
162,2021-03-17,0.010006849657786733,4.972240563228061,8.596301346677683,9.519681642635339,22.045475841232278,2.288513433604906
163,2021-03-16,0.010006849657786733,4.098850494029368,7.160552261395662,9.769909643871147,20.717690586355268,2.2291923178990514
164,2021-03-15,0.010006849657786733,4.357058859520736,6.828439591218138,8.704223723554602,13.896975590919526,2.250283751970659
165,2021-03-14,0.010006849657786733,4.294374616305359,7.7319879608212405,9.372909325378272,16.275475291918312,2.111973216838933
166,2021-03-13,0.010006849657786733,4.4883194492115965,7.583581845613667,9.162351355484406,13.130309589408034,2.1226487661122455
167,2021-03-12,0.010006849657786733,8.256545277206579,8.99036728647225,10.44436477451952,14.994252515432956,3.6978203706969044
168,2021-03-11,0.010006849657786733,8.760992024476376,12.234191796648279,11.01167688240473,23.224475481203825,2.8042665068522394
169,2021-03-10,0.010006849657786733,6.0405572631128495,10.75539933012257,9.286693471237,20.979873179384978,2.01746500018287
170,2021-03-09,0.010006849657786733,5.175447073054025,11.536514020688404,8.939156172136997,30.831220379429926,2.1807990503781327
171,2021-03-08,0.010006849657786733,4.065600620159578,16.338434379209243,7.306454950779291,14.91152906302152,1.233473857271252
172,2021-03-07,0.010006849657786733,5.423871541915288,5.884019418733681,6.905490137258884,13.365226003402752,2.1117080576097265
173,2021-03-06,0.010006849657786733,5.824894556422247,5.717046093769489,8.882129651930146,16.20950538430878,2.06609215815702
174,2021-03-05,0.010006849657786733,5.855380995043806,8.233989423431321,7.600662828844901,14.665330060833023,1.909410016171452
175,2021-03-04,0.010006849657786733,6.164501072147427,6.926115146978076,8.1891408290618,18.918185383519106,2.2742202982642024
176,2021-03-03,0.010006849657786733,4.4652049126756745,6.095771359606646,5.422095117313283,20.676623712410585,1.6876801845910712
177,2021-03-02,0.010006849657786733,4.06094019067948,6.008946897179243,6.583859102637403,15.460058427406658,2.026887696694081
178,2021-03-01,0.010006849657786733,3.6927094148864947,6.2463132605082325,6.960811122704096,13.40544149601421,1.5806459925824665
179,2021-02-28,0.010006849657786733,4.838248769838277,6.372534214350488,23.135882874059178,13.272408395424169,2.3367712203735307
180,2021-02-27,0.010006849657786733,4.754507446746781,5.7490719156786865,26.39034077373935,14.577299857699309,2.234563918723043
181,2021-02-26,0.010006849657786733,6.264962905381353,8.196970302263214,29.75890299070332,15.606871108723833,2.6613781920749378
182,2021-02-25,0.0,5.878241162463201,7.904030587563879,11.076918049829482,18.166168201805675,2.9028460069307367
183,2021-02-24,0.0,5.261725878259343,6.313083025263729,20.842226498900136,20.975078676194308,2.001938874294138
184,2021-02-23,0.0,7.255239161614657,6.195342794418451,32.83651255438454,24.16134256438683,2.3436679888413057
185,2021-02-22,0.0,7.784947979931569,7.443332563106078,29.337833167062183,14.13323777029985,2.8664804765829075
186,2021-02-21,0.0,7.831546516003976,7.286006412136218,24.841032152739135,15.115561562885723,2.714210599794207
187,2021-02-20,0.0,8.498684477719264,7.910103575710393,35.30955517423906,10.376060678021457,2.9329948118809774
188,2021-02-19,0.0,8.455700248609574,7.575674807147736,12.503463515251932,21.547919324351685,2.8557564931674824
189,2021-02-18,0.0,9.718677840616326,12.062773450190809,18.196323388816083,40.42488239123519,3.2279816875644505
190,2021-02-17,0.0,7.724375401105281,9.287831171923376,11.119594558713771,8.846683054344867,2.5827256804525707
191,2021-02-16,0.0,9.181614971654216,9.970759223697076,14.677459137196252,28.55316328849435,3.0208309160967235
192,2021-02-15,0.0,9.904916616760593,9.605198911656752,8.107886663876219,11.679296370017019,3.372858564978197
193,2021-02-14,0.0,9.798902284756581,,13.574906961113522,40.07694130287828,3.509661326704334
194,2021-02-13,0.0,10.280426086970511,,19.65176543896301,23.91440767447797,3.573122194359488
195,2021-02-12,0.0,9.847347887021206,,21.133390084072342,21.379933566787436,3.324983053584756
196,2021-02-11,0.0,10.396937304560382,,18.6337896477735,42.41895242102083,3.9488034143817283
197,2021-02-10,0.0,10.682195374180422,,7.397788361743622,17.06583893012945,3.8005820130060495
198,2021-02-09,0.0,9.755315768439674,,8.790152169609414,28.460351299069085,3.8720938285611353
199,2021-02-08,0.0,9.3949093412347,,19.209705246572696,11.94721605717667,3.1864197054338246
200,2021-02-07,0.0,9.061410707538647,,28.1113607708502,15.406587013924538,3.2831736000421365
201,2021-02-06,0.0,9.311611091375749,,27.5443593550097,20.64498270157511,3.168602328734587
202,2021-02-05,0.0,9.467979420270682,,19.59048565914879,19.822110810495985,3.505700595869221
203,2021-02-04,0.0,8.419345979944097,,20.474538864312038,10.850008424218782,3.00978773677093
204,2021-02-03,0.0,7.5004177465646125,,16.271674894396046,10.419505491557628,2.5225974090826435
205,2021-02-02,0.0,6.712700685495246,,13.70090478617567,18.418197153620223,3.3386465614054517
206,2021-02-01,0.0,6.373719022720808,,25.968831715645315,22.357275240002913,2.812596825150145
207,2021-01-31,0.0,6.9943146364701345,,13.840524991836652,13.179946583518666,2.776047087251371
208,2021-01-30,0.0,7.270927529355073,,15.011434156776009,13.503184405278994,3.5027452178146166
209,2021-01-29,0.0,5.28281756593448,,10.172682890917503,9.647054694453868,3.6560755759437775
210,2021-01-28,0.0,4.596692790934151,,7.365054750160671,6.53548070557674,3.0589859470565806
211,2021-01-27,0.0,4.461156744869277,,15.750488089616017,6.770986734332493,2.4918724117990565
212,2021-01-26,0.0,5.2384435551581605,,7.924825742879629,5.707695047793878,2.902750835583908
213,2021-01-25,0.0,5.271305113343972,,8.624197148541697,5.1178740935816505,2.698977172398299
214,2021-01-24,0.0,4.923986414951464,,8.052547631982453,5.217724082377763,2.525430181622584
215,2021-01-23,0.0,6.095051486704829,,6.732772961969629,5.718439905982314,3.5726493989962482
216,2021-01-22,0.0,6.147125806262243,,19.990878995022232,7.031476605090819,2.8456920931405985
217,2021-01-21,0.0,7.03479788874326,,13.36529033340964,9.058574432504189,2.361192693983796
218,2021-01-20,0.0,8.544357585320393,,9.220916800325531,9.644628379938462,3.740859773775682
219,2021-01-19,0.0,7.381915091549338,,11.782418079002968,10.357663943295123,4.2706154189548835
220,2021-01-18,0.0,7.50262947959034,,10.345388385368107,8.932250941437024,4.825879164989206
221,2021-01-17,0.0,8.32720113468926,,11.68786734753738,9.926512759011901,4.486576532066854
222,2021-01-16,0.0,10.35639112454601,,8.902910829044494,19.192699354137858,4.807353951430044
223,2021-01-15,0.0,8.304772598312006,,8.28102850402226,29.705506016765174,4.228047405593369
224,2021-01-14,0.0,6.856689528199373,,6.225521305915212,10.63618237101046,3.4422127227016417
225,2021-01-13,0.0,6.264757995518432,,11.953508210055263,8.956436457052742,3.2538398616401327
226,2021-01-12,0.0,6.951218825090386,,21.0558077514525,10.863491116787133,3.178269215326733
227,2021-01-11,0.0,6.065569209747805,,11.57647371853031,8.202701905638296,2.771472405616857
228,2021-01-10,0.0,4.484225542811282,,26.875656639757164,8.715935769028983,1.502767634760844
229,2021-01-09,0.0,5.258753441231494,,10.281954860584314,7.333716259217519,3.0852772981171412
230,2021-01-08,0.0,6.829292854499847,,10.243563849928703,7.7284396746555455,3.703966851652701
231,2021-01-07,0.0,6.274548052341481,,9.743930573246837,7.480083939938374,3.142335953724501
232,2021-01-06,0.0,5.773687854074042,,12.605555176540378,7.69885094266054,3.169669355977838
233,2021-01-05,0.0,4.877944388860949,,7.6653185808834685,7.899360372883524,3.3925367362254506
234,2021-01-04,0.0,9.660413051098189,,6.108987550027292,13.187640051863768,7.112975418305337
235,2021-01-03,0.0,9.73793861027822,,6.897264889576322,16.123441356742806,6.393786547408457
236,2021-01-02,0.0,8.379633200314304,,2.9750124045816366,8.69531534084071,5.929150054219787
237,2021-01-01,0.0,7.966611640487289,,8.60157041996315,7.275109393584573,4.641448732827256
238,2020-12-31,0.0,8.587033658382609,,6.346625853582021,9.878650754325449,4.468706997899193
239,2020-12-30,0.0,5.242537138307687,,4.660673447845129,6.863078271098623,3.6074226729358703
240,2020-12-29,0.0,6.006195703968298,,5.224920964770027,7.9473996211485565,2.9655293298075183
241,2020-12-28,0.0,5.976808178271149,,5.908175518798986,9.644999214700977,4.993532895940771
242,2020-12-27,0.0,4.639772461724992,,6.489297827801205,7.815876450411506,2.701651073321313
243,2020-12-26,0.0,4.43554137292279,,6.964846220602468,8.881372737925357,2.4260947442700598
244,2020-12-25,0.0,5.290309492553058,,10.621261504634255,8.514004093179743,7.249087560433503
245,2020-12-24,0.0,4.462278014861837,,6.0175160669790095,8.073069454814316,2.6547842779963475
246,2020-12-23,0.0,4.427858493151016,,9.621911898658052,9.55659048107659,4.502833635749445
247,2020-12-22,0.0,4.19029754988136,,6.1405497801726945,7.685864806187431,2.733911168130494
248,2020-12-21,0.0,4.6450881167682505,,7.265799595133136,8.084301485050037,4.251639654028877
249,2020-12-20,0.0,3.8528521558916253,,6.762444343667342,8.51210412962214,4.68387695599891
250,2020-12-19,0.0,4.073333647088662,,5.842917868647507,7.8490233295705885,4.815486853126172
251,2020-12-18,0.0,3.907607340508637,,5.140956576110187,8.040124423622554,6.138124273665735
252,2020-12-17,0.0,3.0407989256173047,,4.626316666126747,5.2557461343910115,3.8066749060844596
253,2020-12-16,0.0,2.9380932725835516,,3.632085676553138,6.096175104943782,2.190566642922395
254,2020-12-15,0.0,2.7958716378288555,,3.076519228926469,7.90676296507937,2.1421898709621865
255,2020-12-14,0.0,2.7147313931058643,,2.957689335982204,8.023265802192173,2.2363617102188913
256,2020-12-13,0.0,2.6250402823522263,,4.158748146396807,7.479471472796548,2.6567120390042853
257,2020-12-12,0.0,2.8568057523202666,,6.6227462565040955,7.386715872313405,3.295910181785578
258,2020-12-11,0.0,2.8546348471172824,,6.2723079790791685,8.370941762702806,3.39745627434627
259,2020-12-10,0.0,2.855137007446806,,5.348342578173733,7.652471751868699,3.5265562216535233
260,2020-12-09,0.0,2.921835055347922,,6.814326630632484,7.240570513863489,1.9852375688655364
261,2020-12-08,0.0,3.0292805794857913,,3.8225642111541887,9.599225998172557,2.0526212243859945
262,2020-12-07,0.0,2.9703766417873987,,4.325263466818607,7.524350927816831,1.981123624037699
263,2020-12-06,0.0,3.235593912840073,,4.460306254955901,8.215221164977612,2.237068375768917
264,2020-12-05,0.0,3.053605191564073,,4.554553576205128,6.8369967831849525,2.3521899202215835
265,2020-12-04,0.0,3.3478638364472806,,5.343341005215991,6.6167345549650785,2.5244815589523
266,2020-12-03,0.0,3.740940031568193,,4.771105494061733,7.2697060342097775,2.1667303045692377
267,2020-12-02,0.0,3.174172533532916,,4.5029922508992986,8.398762063021586,3.829301430947334
268,2020-12-01,0.0,3.1263075461913434,,5.491562102122026,8.778501461250107,2.2782269558467108
269,2020-11-30,0.0,2.88965912582667,,3.0649141532690507,7.004529422820578,2.9564472862051603
270,2020-11-29,0.0,2.8412969236518033,,2.9307305315316485,8.344071623415825,2.8525782194582026
271,2020-11-28,0.0,2.782471189207125,,3.3491374626928763,8.018322091884949,2.405860422657739
272,2020-11-27,0.0,2.7401563270341693,,4.145497417765536,7.29004298596973,2.359525888140716
273,2020-11-26,0.0,3.6443857229855743,,6.448530251362038,8.421379764410585,2.5938680461994172
274,2020-11-25,0.0,3.9533203252806115,,7.799001533584667,28.928031214262127,2.6555859129885335
275,2020-11-24,0.0,3.7450465203596104,,24.05580076094761,7.078400539797167,2.6476255831496966
276,2020-11-23,0.0,3.644344983540456,,6.144123115466219,6.796067170444708,2.7280059150965426
277,2020-11-22,0.0,3.9052586213642737,,9.59950051422327,6.823102423157596,5.181005557006527
278,2020-11-21,0.0,3.5039459314303603,,6.155235948564579,6.437684613683763,3.998696807293584
279,2020-11-20,0.0,3.53755504252854,,5.632500790287477,5.938701038841937,4.110060395000455
280,2020-11-19,0.0,3.042055057718755,,5.080670620789192,6.505846264055621,4.1417304738658
281,2020-11-18,0.0,2.9074497031929307,,6.145317752215614,7.016168540626639,2.6655020114140586
282,2020-11-17,0.0,2.8686249214614685,,4.929924893664838,6.833827791602722,2.193232977842624
283,2020-11-16,0.0,2.874262558195069,,4.772838262502737,8.414410513220423,2.369614703257147
284,2020-11-15,0.0,2.88221541324706,,6.451527224552209,7.32083310445425,2.6991878905484707
285,2020-11-14,0.0,2.9026999328369265,,5.6177400446996195,8.003671509484647,3.6140089124882495
286,2020-11-13,0.0,3.0807073663645306,,4.294065300289451,3.290253158347774,8.414389651114899
287,2020-11-12,0.0,2.801765795204073,,7.475608800228422,3.957515628417976,3.4262947335087675
288,2020-11-11,0.0,2.7941809027055062,,5.962943812296759,4.423272696711116,2.7215321665308045
289,2020-11-10,0.0,2.805166006908921,,5.143511968694302,4.848572631131049,2.1674840499779404
290,2020-11-09,0.0,3.046126727399309,,7.399202927986098,4.770758347230735,3.0341036706506372
291,2020-11-08,0.0,3.464748390542861,,10.219944366901519,4.710184059641324,6.536950177962984
292,2020-11-07,0.0,2.8873854299642794,,9.113075127323912,5.557441801365675,2.8265464090158936
293,2020-11-06,0.0,2.885159054665845,,5.467992962112202,4.575008446382451,2.49818561511746
294,2020-11-05,0.0,2.9114113253058,,5.368008507432577,3.244015335462502,2.5581256863166977
295,2020-11-04,0.0,2.8764204805218645,,5.6965850951691746,7.013643817427111,2.2173408377953714
296,2020-11-03,0.0,2.923667842428522,,4.665134746186099,6.27163741432859,2.2912642638941487
297,2020-11-02,0.0,3.136732099169181,,4.27963765320734,7.150660737188522,
298,2020-11-01,0.0,2.997337230143403,,4.038350331141247,6.921600891610125,
299,2020-10-31,0.0,2.972110578454031,,2.77665679124191,7.576221469504921,
300,2020-10-30,0.0,2.986088005050484,,2.522265802111506,10.611320117425123,
301,2020-10-29,0.0,2.915612749317128,,2.637419323568311,6.826957562444375,
302,2020-10-28,0.0,2.876317704227283,,2.674561473881252,10.979172460421685,
303,2020-10-27,0.0,2.8203047627300037,,2.3043392789897834,9.091987152012994,
304,2020-10-26,0.0,2.718378179138694,,3.664535346194354,6.253198719107956,
305,2020-10-25,0.0,2.6736010008102293,,4.442227716252162,6.4695803276284325,
306,2020-10-24,0.0,2.7586818226595105,,5.767000818258198,6.2858243610049795,
307,2020-10-23,0.0,2.676702878736761,,5.447284432433982,10.95224699504573,
308,2020-10-22,0.0,2.68441315629852,,3.4018890818892435,12.079770606918498,
309,2020-10-21,0.0,2.7835988660462267,,3.1726478335230532,12.32476451528913,
310,2020-10-20,0.0,2.6010984336061136,,3.8693100396299247,8.239043679755145,
311,2020-10-19,0.0,2.5828481655180764,,3.6904239610477454,7.383145124839716,
312,2020-10-18,0.0,2.596944190581042,,3.2065130379811153,8.33948327556838,
313,2020-10-17,0.0,2.6462651104119455,,3.6483171876200258,8.76673830068867,
314,2020-10-16,0.0,2.597668849453449,,2.9489653691167415,8.285499979399583,
315,2020-10-15,0.0,2.577183705706172,,2.7886718081624933,8.006222340012805,
316,2020-10-14,0.0,2.5641221095657674,,2.0573187430667654,9.278919538266562,
317,2020-10-13,0.0,2.626533588218909,,1.9682256977903263,6.031708677096947,
318,2020-10-12,0.0,2.620692386406558,,2.0160651337082083,7.256999322448722,
319,2020-10-11,0.0,2.6116342524706924,,2.179231127523611,7.039333386026215,
320,2020-10-10,0.0,2.5895678639872077,,1.909663711292416,7.2421542909698315,
321,2020-10-09,0.0,2.589434469525841,,1.6107657415066017,7.043650012608698,
322,2020-10-08,0.0,2.6258447142243773,,1.9946151196010975,7.293245970713758,
323,2020-10-07,0.0,2.611796671549547,,1.8123066659644178,4.6753410307059315,
324,2020-10-06,0.0,2.6243453151761007,,1.2734902919125213,5.845549856824394,
325,2020-10-05,0.0,2.6137216538219317,,2.18269797175088,6.7769737532358025,
326,2020-10-04,0.0,2.6149271916784422,,2.4404635602211537,7.934524065154996,
327,2020-10-03,0.0,2.63218903620896,,3.0842046284153986,7.688985276370498,
328,2020-10-02,0.0,2.613598107784213,,3.3312887863528657,8.285230096442476,
329,2020-10-01,0.0,2.577020764722696,,3.8708007141506946,10.529895698874084,
330,2020-09-30,0.0,2.5855282487281346,,3.6696796512973595,9.523720817587492,
331,2020-09-29,0.0,2.5690898399369826,,3.828879705259601,9.480754882520868,
332,2020-09-28,0.0,2.564249895931498,,4.480648338710866,7.393869655293731,
333,2020-09-27,0.0,2.5336691027142715,,5.046357463689759,6.397223899963281,
334,2020-09-26,0.0,2.5259294126616356,,5.297941137278097,6.225665455950802,
335,2020-09-25,0.0,2.5369106992646593,,4.368322492386022,8.879059744014311,
336,2020-09-24,0.0,2.55469673028158,,3.999154206892729,9.743981735546885,
337,2020-09-23,0.0,2.5882063271022093,,3.7303110095765817,9.51321127561735,
338,2020-09-22,0.0,2.5846111527690425,,4.180145990047496,5.94612560948047,
339,2020-09-21,0.0,2.6805794244486014,,3.282242152485462,6.2525432945783574,
340,2020-09-20,0.0,2.786021038088376,,3.8481059989755084,12.114044478189639,
341,2020-09-19,0.0,2.807004570701865,,4.622443824841743,20.14803357989745,
342,2020-09-18,0.0,3.105605580970395,,3.341088381620089,19.15750743576642,
343,2020-09-17,0.0,3.1158434486791604,,3.5325488929432716,6.934003323368203,
344,2020-09-16,0.0,6.151375301806801,,4.108078969549491,7.9767099518436355,
345,2020-09-15,0.0,5.947778114573897,,3.8708401729102886,11.328220792989368,
346,2020-09-14,0.0,2.9261451750208,,3.901388750924245,11.034475698127931,
347,2020-09-13,0.0,2.9153571323267804,,3.207085232794771,8.218741081265676,
348,2020-09-12,0.0,3.3163277919103784,,3.6651264485454096,10.77808222250913,
349,2020-09-11,0.0,3.0864726872896644,,3.0216991103296493,16.838667011284087,
350,2020-09-10,0.0,2.7283512449982696,,3.267096478681608,4.946225062124237,
351,2020-09-09,0.0,2.9427170531956643,,5.869917749033921,3.7698692953108592,
352,2020-09-08,0.0,2.8166738592984815,,9.922235112641623,11.277168452721146,
353,2020-09-07,0.0,2.8717261697711924,,7.949806645828307,15.476044451013728,
354,2020-09-06,0.0,2.7691892703738676,,10.316254542964014,24.37824350043896,
355,2020-09-05,0.0,2.8069433427802224,,2.981874270156373,8.979287642477308,
356,2020-09-04,0.0,2.695074135155724,,2.617432061106239,9.0725417629811,
357,2020-09-03,0.0,3.553215763040469,,2.7886493572754776,7.361315354491388,
358,2020-09-02,0.0,3.319067343983476,,2.9337513967202544,5.229788028582521,
359,2020-09-01,0.0,2.895454793407923,,2.767322988418163,5.164382420039556,
360,2020-08-31,0.0,2.889312025691756,,2.432099218776454,5.566846227095936,
361,2020-08-30,0.0,2.8806393816814992,,2.305000635794966,,
362,2020-08-29,0.0,2.893238538728509,,2.1837571389920676,,
363,2020-08-28,0.0,2.924729560363675,,4.031878582259894,,
364,2020-08-27,0.0,2.8306637773257113,,4.162599901206729,2.4509190223973643,
